201.243  9.454
201.509  9.396
201.788  9.245
201.996  9.175
202.263  9.164
202.588  9.129
202.959  9.117
203.249  9.152
203.562  9.187
203.887  9.268
204.188  9.326
204.467  9.407
204.907  9.523
205.313  9.616
205.626  9.721
205.986  9.837
206.206  9.929
206.508  10.068
206.983  10.289
207.308  10.451
207.563  10.602
207.807  10.741
208.085  10.927
208.469  10.693
208.805  10.543
209.199  10.380
209.455  10.322
209.640  10.311
209.791  10.322
210.116  10.415
210.487  10.519
210.823  10.589
211.241  10.705
211.728  10.856
212.203  11.018
212.586  11.169
212.911  11.296
213.317  11.494
213.537  11.285
213.862  11.064
214.140  10.925
214.360  10.867
214.766  10.925
215.184  10.995
215.706  11.088
216.080  11.180
216.532  11.308
217.042  11.436
217.402  11.552
217.680  11.644
218.005  11.784
218.399  11.946
218.689  12.085
219.002  12.213
219.280  12.349
219.512  12.250
219.698  12.192
219.843  12.163
219.982  12.146
220.121  12.128
220.318  12.134
220.481  12.157
220.626  12.181
220.852  12.244
221.032  12.285
221.281  12.378
221.495  12.447
221.803  12.569
222.046  12.668
222.261  12.766
222.464  12.865
222.661  12.952
222.841  13.039
223.021  13.120
223.189  13.219
223.334  13.300
223.508  13.404
223.629  13.474
223.786  13.566
223.943  13.659
224.053  13.740
224.174  13.816
224.247  13.770
224.432  13.694
224.554  13.654
224.682  13.630
224.862  13.613
224.960  13.613
225.088  13.630
225.239  13.654
225.418  13.688
225.557  13.723
225.702  13.752
225.917  13.799
226.132  13.851
226.282  13.903
226.479  13.961
226.636  14.031
226.798  14.106
226.955  14.187
227.425  14.431
227.610  14.523
227.761  14.634
227.935  14.738
228.092  14.819
228.266  14.929
228.445  15.045
228.584  15.156
228.786  15.315
228.948  15.408
229.146  15.547
229.314  15.669
229.563  15.855
229.696  15.965
229.905  16.162
230.085  16.336
230.242  16.545
230.379  16.732
230.518  16.941
230.611  17.080
230.680  17.185