230.03 -68.26
228.17 -68.2
226.22 -68.1
224.74 -68.31
222.78 -68.33
220.75 -68.52
219.33 -68.75
218.58 -68.91
216.45 -68.66
214.81 -68.52
213.88 -68.45
211.84 -68.37
210.3 -68.33
208.75 -68.32
207.63 -68.36
206.92 -68.46
206.43 -68.55
205.92 -68.68
205.51 -68.78
205.08 -68.69
203.68 -68.53
202.59 -68.4
201.18 -68.24
199.35 -68.04
197.71 -67.87
195.41 -67.75
194.25 -67.77
193.41 -67.84
192.84 -67.89
192.57 -67.91
192.34 -67.79
191.17 -67.48
189.77 -67.18
188.5 -66.92
187.2 -66.7
186.19 -66.55
184.98 -66.39
184.34 -66.36
183.85 -66.37
183.4 -66.42
183.02 -66.27
182.53 -66.08
181.47 -65.7
180.64 -65.44
180.19 -65.12
178.81 -64.78
177.79 -64.72
177.04 -64.72
176.28 -64.3
175.44 -63.98
174.62 -63.72
173.63 -63.42
172.4 -63.12
171.15 -62.97
170.08 -62.97
169.42 -62.66
168.07 -62.13
166.51 -61.62
165.36 -61.21
164.28 -61
163.16 -60.86
161.96 -60.31
161.04 -59.86
160.11 -59.51
159.34 -59.29
158.63 -59.19
158.29 -59.13
157.57 -58.7
156.77 -58.22
155.95 -57.87
155.23 -57.54
154.53 -57.34
153.96 -57.2