355.78 -9.61
355.38 -9.94
354.9 -10.32
354.32 -10.77
353.86 -11.14
353.08 -11.74
352.51 -12.18
352.08 -12.63
351.85 -12.95
351.63 -13.35
351.4 -13.72
351.27 -14.12
351.22 -14.4
350.78 -14.49
350.41 -14.63
349.98 -14.79
349.58 -15
348.95 -15.34
348.01 -15.9
347.34 -16.43
346.81 -16.88
346.48 -17.44
346.33 -17.81
346.27 -18.02
345.7 -18.21
345.02 -18.45
344.47 -18.71
343.86 -19.03
343.33 -19.38
342.97 -19.69
342.67 -20
342.49 -20.27
342.39 -20.47
341.92 -20.55
341.34 -20.7
340.85 -20.91
340.4 -21.16
340.02 -21.44
339.71 -21.77
339.47 -22.04
339.3 -22.26