10.867 17.140
10.925 17.221
11.041 17.326
11.168 17.418
11.389 17.511
11.621 17.558
11.876 17.581
12.096 17.627
12.375 17.662
12.560 17.662
12.838 17.650
13.372 17.662
13.662 17.650
13.987 17.639
14.253 17.627
14.543 17.616
14.822 17.569
15.100 17.534
15.378 17.476
15.668 17.418
15.958 17.337
16.225 17.268
16.457 17.168
16.724 17.082
16.956 16.989
17.106 16.920
17.304 17.094
17.524 17.233
17.767 17.395
18.069 17.500
18.371 17.569
18.672 17.581
19.020 17.592
19.449 17.569
19.925 17.534
20.435 17.407
20.806 17.302
21.154 17.210
21.467 17.117
21.815 17.013
22.151 16.873
22.557 16.688
22.975 16.525
23.242 16.398
23.450 16.270
23.659 16.154
23.852 16.075
24.044 15.872
24.202 15.726
24.355 15.658
24.495 15.827
24.687 15.940
24.968 16.053
25.228 16.143
25.543 16.233
26.039 16.357
26.468 16.323
26.840 16.267
27.246 16.165
27.606 16.075
28.001 15.929
28.350 15.782
28.700 15.636
29.027 15.512
29.387 15.196
29.827 14.903
30.199 14.677
30.526 14.576
31.191 14.012
31.552 13.742
31.833 13.494
32.115 13.234