204.87 -62
204.23 -61.95
203.66 -61.84
202.96 -61.74
202.16 -61.67
201.43 -61.59
200.29 -61.51
199.57 -61.4
198.59 -61.33
197.3 -61.17
196.58 -61.17
195.2 -61.21
194.76 -61.28
194.36 -61.4
194.12 -61.49
193.59 -61.41
193.06 -61.31
192.37 -61.18
191.72 -61.04
190.69 -60.8
189.4 -60.61
188.16 -60.5
186.9 -60.39
185.75 -60.35
185.06 -60.35
184.15 -60.47
183.16 -60.6
182.22 -60.76
181.72 -60.82
181.38 -60.61
180.96 -60.41
180.32 -60.13
179.67 -59.88
178.88 -59.6
178.25 -59.37
177.49 -59.13
176.99 -58.98
176.46 -58.81
175.94 -58.67
175.22 -58.5
173.75 -58.18
172.32 -58.04
169.96 -58.31
169.96 -57.96
168.92 -57.62
168.21 -57.21
167.65 -56.85
166.94 -56.49
165.96 -56.07
164.91 -55.57
164.09 -55.22
162.65 -54.78
161.28 -54.63
160.49 -54.63
160.19 -54.7
159.79 -54.29
159.07 -53.79
158.14 -53.17
157.23 -52.66
156.35 -52.17
155.61 -51.87
154.97 -51.69
154.16 -51.62
153.59 -51.61
153.16 -51.58
152.89 -51.27
152.41 -50.88
151.82 -50.4
151.35 -50.07
150.59 -49.59
149.86 -49.28
149.09 -49.08
148.3 -48.95
147.67 -48.87
147.23 -48.83