229.93 -68.2
226.8 -69.1
223.38 -69.46
221.01 -69.62
218.87 -69.66
215.7 -69.53
213.76 -69.42
212.02 -69.13
210.73 -69.38
209.52 -69.57
207.18 -69.91
203.2 -70.02
199.52 -69.74
197.39 -69.29
195.34 -68.79
193.12 -69.06
191.13 -69.26
188.56 -69.54
186.01 -69.59
182.86 -69.23
181.26 -69.04
179.08 -68.69
177.94 -68.37
177 -68.12
175.75 -68.22
174.52 -68.35
172.1 -68.25
169.76 -67.97
166.61 -67.46
164.48 -66.93
163.23 -66.51
162.29 -66.18
161.83 -65.99
159.94 -66.05
158.17 -66.03
155.7 -65.65
153.28 -65.13
151.18 -64.63
150.19 -64.25
149.39 -63.89
148.63 -63.48