387.67 1.13
387.33 1.22
386.95 1.3
386.54 1.36
386.25 1.38
385.82 1.42
385.39 1.43
385.06 1.42
384.71 1.41
384.39 1.37
384.08 1.31
383.87 1.22
383.68 1.09
383.17 1.18
382.75 1.21
382.33 1.26
381.92 1.26
381.41 1.21
380.86 1.19
380.46 1.11
380.14 1
379.77 0.86
379.6 0.78
379.48 0.67
379 0.73
378.49 0.76
378.04 0.73
377.53 0.71
377.02 0.69
376.54 0.63
376.07 0.53
375.52 0.38
375.23 0.24
375.05 0.1
374.7 0.12
374.3 0.16
373.9 0.16
373.33 0.14
372.9 0.13
372.36 0.09
371.89 -0.01
371.61 -0.09
371.3 -0.21
371.08 -0.38
370.96 -0.54
370.54 -0.53
370.02 -0.56
369.47 -0.61
368.94 -0.64
368.42 -0.65
367.87 -0.73
367.44 -0.81
367.11 -0.9
366.6 -1
366.53 -1.23
366 -1.19
365.56 -1.17
365.21 -1.14
364.65 -1.12
364.1 -1.14
363.59 -1.18
362.98 -1.23
362.44 -1.32
362 -1.51
361.65 -1.63
361.25 -1.87
360.93 -2.12
360.8 -2.38
360.31 -2.38
359.81 -2.41
359.11 -2.49
358.57 -2.59
357.95 -2.66
357.34 -2.79
356.01 -3.14
355.57 -3.27
355.08 -3.5
354.66 -3.7
354.41 -3.89
354.23 -4.11
354.1 -4.33
353.97 -4.6
353.85 -4.81
353.27 -4.86
352.62 -4.93
351.94 -5.08
351.41 -5.2
350.67 -5.42
350.1 -5.59
348.84 -5.92
348 -6.19
347.48 -6.44
347.03 -6.75
346.64 -7.33
346.28 -7.93
345.8 -8
345.16 -8.08
344.31 -8.25
343.63 -8.45
342.9 -8.68
342.12 -8.98
341.26 -9.35
340.6 -9.66
339.66 -10.18
338.95 -10.62
338.76 -10.94
338.65 -11.19